0.2131516793 0.1146914465 0.0737575259 0.0590848635 0.0440439037 0.0397950862 0.0333955186 0.0275521102 0.0252972234 0.0229891257 0.0204711318 0.0196158376 0.0177385002 0.0149207427 0.0155652991 0.0144093628 0.0130820491 0.0127193132 0.0115866366 0.0113738641
0.2266921931 0.1226350684 0.0871347031 0.0626847119 0.0539181667 0.0408753932 0.0358567416 0.0321444154 0.0269591397 0.0242578462 0.0236650008 0.0230268548 0.0194935741 0.0180874970 0.0179704971 0.0154037041 0.0162028316 0.0144530125 0.0138302933 0.0133372165
0.2181187484 0.1417201115 0.0809195760 0.0637524423 0.0571732323 0.0460212082 0.0388789011 0.0349189933 0.0306212543 0.0289164888 0.0261404701 0.0234101875 0.0208384460 0.0195439911 0.0188353144 0.0177566878 0.0157783249 0.0154187267 0.0147121504 0.0132082792
0.2240498373 0.1209384620 0.0885031653 0.0738334232 0.0546005349 0.0471401899 0.0439511532 0.0390377957 0.0323938661 0.0278396491 0.0266691702 0.0250503887 0.0241523484 0.0210827996 0.0209547983 0.0187008011 0.0171222207 0.0159291245 0.0166024528 0.0153346561
0.2272523170 0.1333605279 0.0955348246 0.0748054517 0.0555227544 0.0498260155 0.0424376233 0.0343163568 0.0379155052 0.0314465957 0.0293048722 0.0265001658 0.0239552739 0.0222309518 0.0213872226 0.0199484352 0.0183197147 0.0173043472 0.0154444405 0.0165701222
0.2237237010 0.1222545602 0.0883594072 0.0727178986 0.0587388132 0.0508674985 0.0430135124 0.0384798680 0.0366499474 0.0319166061 0.0308276469 0.0260804601 0.0272282895 0.0234283003 0.0218021141 0.0197743582 0.0199890203 0.0175594549 0.0160611104 0.0156938371
0.2226492048 0.1311116410 0.0893356654 0.0753817723 0.0606731254 0.0527025615 0.0447179802 0.0390480633 0.0370298025 0.0351973615 0.0292950293 0.0287008515 0.0270922149 0.0244591034 0.0236897144 0.0218594827 0.0218620438 0.0198811332 0.0187058183 0.0177107587
0.2187183906 0.1239067290 0.0952488194 0.0745592006 0.0647977777 0.0557459745 0.0451134768 0.0436279440 0.0380383274 0.0362716303 0.0324963342 0.0298795686 0.0264317578 0.0253814198 0.0233160847 0.0222755612 0.0202581272 0.0207561239 0.0191861543 0.0178443019
0.2143289584 0.1355822171 0.0917106086 0.0814025477 0.0663913421 0.0569851443 0.0477507283 0.0454462726 0.0421920589 0.0380039172 0.0327846517 0.0311062416 0.0281469533 0.0285232560 0.0250752388 0.0230118847 0.0232563295 0.0211426078 0.0209422959 0.0187964464
0.2265722657 0.1353758014 0.0870356494 0.0753585456 0.0617640723 0.0530689275 0.0473937948 0.0454290315 0.0378670055 0.0358714794 0.0351172353 0.0297460429 0.0290192018 0.0261393090 0.0253536507 0.0247881327 0.0232377900 0.0204770074 0.0207967300 0.0192567423
0.2207189335 0.1365043237 0.0936000000 0.0761897605 0.0647916280 0.0583733116 0.0483204376 0.0449543224 0.0418338770 0.0391871489 0.0345740922 0.0308544668 0.0294943914 0.0283065210 0.0266069272 0.0261931857 0.0239106885 0.0205838364 0.0219599284 0.0199368399
0.2299371184 0.1344157193 0.0898027428 0.0747383937 0.0619139985 0.0546105285 0.0456628053 0.0440560109 0.0392291048 0.0360858376 0.0325119380 0.0338105044 0.0277611605 0.0287834237 0.0263821229 0.0239059477 0.0255031412 0.0229869700 0.0216378426 0.0212206570
0.2271019146 0.1257451963 0.0994235152 0.0735496756 0.0624974782 0.0557163176 0.0441195888 0.0457033434 0.0415152296 0.0363866472 0.0350998100 0.0343158693 0.0298246980 0.0261546070 0.0258037413 0.0263384308 0.0230095694 0.0234094039 0.0222565818 0.0207676656
0.2304015139 0.1357799599 0.0952479746 0.0681024779 0.0654280728 0.0575262719 0.0490125328 0.0431712343 0.0408645700 0.0380299561 0.0359187089 0.0326704792 0.0305500673 0.0296110309 0.0282691540 0.0249339573 0.0246863394 0.0250633132 0.0219287297 0.0220507206
0.2199426971 0.1250896814 0.0943054932 0.0762626508 0.0670252280 0.0569274891 0.0516853999 0.0482782505 0.0418311505 0.0379239069 0.0360052184 0.0334295062 0.0313321075 0.0333595155 0.0276549783 0.0248962673 0.0241282189 0.0226931185 0.0218870430 0.0216135522
0.2136024710 0.1319162124 0.0883493548 0.0751452844 0.0637691124 0.0586641075 0.0446196361 0.0443587996 0.0411367655 0.0389231645 0.0373464104 0.0347961997 0.0320388533 0.0291859765 0.0265905714 0.0279138809 0.0266609595 0.0248112871 0.0247912081 0.0215863473
0.2158046441 0.1275741024 0.0962893888 0.0734683563 0.0612620423 0.0554364000 0.0488341833 0.0427892907 0.0403279815 0.0396011838 0.0366438799 0.0351613010 0.0357634617 0.0285026244 0.0298366635 0.0279371057 0.0266210900 0.0253253005 0.0242187709 0.0233837605
0.2184878129 0.1207775741 0.0878136610 0.0736993209 0.0641182556 0.0524964582 0.0534790251 0.0435168754 0.0400540622 0.0387821879 0.0356949692 0.0326852494 0.0309145185 0.0298319482 0.0294892342 0.0290429477 0.0260124023 0.0257183418 0.0243032483 0.0233043154
0.2202024078 0.1305357744 0.0920873315 0.0822061128 0.0649436802 0.0528519768 0.0460870225 0.0472426883 0.0396156222 0.0378232559 0.0355300624 0.0361743592 0.0317023763 0.0318095762 0.0298349646 0.0287473520 0.0264080671 0.0258626201 0.0255245330 0.0234476788
0.2339179480 0.1318525479 0.0982584146 0.0784174541 0.0624658499 0.0575187065 0.0504160583 0.0455302080 0.0392457782 0.0380573418 0.0359817180 0.0362521472 0.0344570189 0.0319429440 0.0287596940 0.0278188030 0.0268777140 0.0270268870 0.0256585680 0.0237115069
