0.3070898865 0.1985735974 0.1260752058 0.0946266215 0.0844907717 0.0649337591 0.0573433329 0.0508813237 0.0439720205 0.0381656430 0.0362638041 0.0338773892 0.0277573056 0.0274033044 0.0261065047 0.0241683347 0.0245220309 0.0216516747 0.0218696487 0.0194510767
0.3160620091 0.2155205559 0.1374469685 0.1123513235 0.0878486812 0.0749952292 0.0624369747 0.0598902978 0.0491669113 0.0445660168 0.0417954276 0.0403001394 0.0356021243 0.0318444986 0.0302250450 0.0289680616 0.0287490865 0.0244534060 0.0260877564 0.0229450735
0.3180771831 0.2204738751 0.1446889101 0.1204491225 0.0985765908 0.0825407374 0.0713746720 0.0636852493 0.0515715513 0.0476399537 0.0430454043 0.0379721676 0.0371809844 0.0347975274 0.0340729900 0.0340559994 0.0277868983 0.0281771538 0.0255040136 0.0233763641
0.3183846730 0.2302326441 0.1564987560 0.1265270054 0.1003344089 0.0809952731 0.0704897793 0.0641769178 0.0572433525 0.0554663947 0.0461403781 0.0430481734 0.0364359664 0.0381714795 0.0333536348 0.0312518774 0.0304334658 0.0294024102 0.0275861586 0.0260195161
0.3230563022 0.2164097743 0.1602864014 0.1265212014 0.1033645510 0.0840239236 0.0721004014 0.0673092785 0.0598287142 0.0518271286 0.0495232185 0.0445065943 0.0388368231 0.0410617533 0.0338898163 0.0342524087 0.0292256473 0.0291347859 0.0257553492 0.0287357272
0.3322771951 0.2222255575 0.1634130983 0.1316629090 0.1011563681 0.0920382623 0.0778800283 0.0687651058 0.0615767651 0.0565597171 0.0515862928 0.0465513260 0.0411128251 0.0424458189 0.0375190546 0.0315809575 0.0328663836 0.0335620159 0.0289782343 0.0283064024
0.3249012552 0.2264087595 0.1629102788 0.1328224364 0.1030989285 0.0882148247 0.0792242748 0.0717082281 0.0670983234 0.0601902019 0.0545279274 0.0501976254 0.0469170045 0.0414397620 0.0405609168 0.0358785159 0.0348019767 0.0335630061 0.0327789609 0.0289317652
0.3279627076 0.2331860982 0.1673053894 0.1339238586 0.1085771258 0.0894660705 0.0832649431 0.0747977404 0.0675242288 0.0615072086 0.0539064097 0.0490347078 0.0435205273 0.0457830711 0.0381369788 0.0370305920 0.0352262614 0.0349318823 0.0341208154 0.0303226172
0.3254198125 0.2207964166 0.1585272839 0.1251737017 0.1082696695 0.0950464118 0.0862325193 0.0703988061 0.0649548979 0.0586426171 0.0520048871 0.0503000807 0.0464682933 0.0428939247 0.0402533361 0.0393839719 0.0373300390 0.0339625204 0.0329022564 0.0325279941
0.3241974090 0.2187334222 0.1565977011 0.1198163591 0.1073235798 0.0922223632 0.0839712596 0.0705974532 0.0658009795 0.0590716142 0.0527740161 0.0542225353 0.0460318815 0.0425791915 0.0412812843 0.0370253115 0.0345307751 0.0350784993 0.0351857130 0.0312042879
0.3223481745 0.2110112329 0.1621597435 0.1302478864 0.1145935077 0.0917697600 0.0770301905 0.0733173915 0.0640992311 0.0580119772 0.0513847262 0.0499313733 0.0450468263 0.0463250172 0.0433767495 0.0368355413 0.0379990730 0.0357199143 0.0371962784 0.0326169143
0.3250525102 0.2159738651 0.1529922229 0.1328263675 0.1083423504 0.0845873326 0.0790524701 0.0715438311 0.0656352955 0.0630701236 0.0557596911 0.0504419093 0.0468595362 0.0444093536 0.0417252784 0.0378260815 0.0368910406 0.0338863663 0.0331230306 0.0336187983
0.3125636345 0.2222091906 0.1622444789 0.1218008210 0.1017016735 0.0971146173 0.0752434994 0.0662974568 0.0629428310 0.0607304465 0.0529749637 0.0515574433 0.0499375988 0.0444848499 0.0426233379 0.0393449577 0.0396139309 0.0337524466 0.0355276725 0.0327924244
0.3211469346 0.2153949591 0.1555074566 0.1278506938 0.1125652434 0.0935941496 0.0789877409 0.0794666469 0.0687208704 0.0642029338 0.0529774597 0.0561857174 0.0508180468 0.0491428139 0.0425207484 0.0419162782 0.0370323550 0.0399429430 0.0359123587 0.0339858020
0.3252237408 0.2126382844 0.1642201471 0.1245493894 0.1103643534 0.0973854926 0.0844816046 0.0719249218 0.0685370051 0.0680589862 0.0558430044 0.0518811453 0.0529215269 0.0469074621 0.0463802315 0.0417619743 0.0390341555 0.0350701207 0.0359431854 0.0348114509
0.3057549764 0.2210491990 0.1521301145 0.1260229741 0.1086721319 0.0871327355 0.0804702341 0.0676076680 0.0658294806 0.0581733188 0.0579713209 0.0524305505 0.0482771916 0.0478993417 0.0423022222 0.0419097029 0.0380628247 0.0380071332 0.0354805265 0.0337324665
0.3137459966 0.2133859142 0.1530286683 0.1196129408 0.1067387858 0.0855248660 0.0805311145 0.0688428571 0.0697063639 0.0630045885 0.0581925313 0.0524129839 0.0485971420 0.0465610308 0.0465667067 0.0397075225 0.0399027135 0.0362065296 0.0355377759 0.0333471318
0.3146449021 0.2162725235 0.1653848903 0.1195352601 0.1110678279 0.0943968867 0.0828409598 0.0758489418 0.0631204901 0.0626562736 0.0617225232 0.0535097739 0.0484000488 0.0469307349 0.0486191370 0.0411536059 0.0422144396 0.0401901109 0.0381551886 0.0331116438
0.3191738937 0.2094361717 0.1611689383 0.1196693779 0.1100285682 0.0862858194 0.0825442587 0.0732439416 0.0697373845 0.0684355499 0.0520024817 0.0517285770 0.0495926651 0.0457159320 0.0439401610 0.0399412181 0.0408917833 0.0413216815 0.0356473353 0.0352318853
0.3175216427 0.2310338772 0.1531869701 0.1350888360 0.1097373493 0.0989374912 0.0800218825 0.0781015646 0.0692484381 0.0617448260 0.0551353719 0.0532994141 0.0509452567 0.0486679096 0.0458436814 0.0426833819 0.0407978820 0.0353810461 0.0368964959 0.0354439871
