0.5338000000 0.2847500000 0.1936000000 0.1487000000 0.1227000000 0.1102500000 0.0858142857 0.0784625000 0.0684333333 0.0627000000 0.0574363636 0.0502083333 0.0493923077 0.0428214286 0.0409800000 0.0392125000 0.0372176471 0.0355888889 0.0322789474 0.0304800000
0.5668000000 0.3852000000 0.2782666667 0.2231500000 0.1712000000 0.1444666667 0.1264142857 0.1124125000 0.1021444444 0.0856700000 0.0788909091 0.0747333333 0.0683846154 0.0601500000 0.0617133333 0.0547562500 0.0510117647 0.0475055556 0.0473263158 0.0441000000
0.5733000000 0.3852500000 0.2894000000 0.2208000000 0.1885600000 0.1491000000 0.1302000000 0.1161500000 0.1025555556 0.0967000000 0.0900090909 0.0800333333 0.0749153846 0.0665571429 0.0620733333 0.0595250000 0.0573823529 0.0531777778 0.0543894737 0.0473850000
0.5482000000 0.4028500000 0.2945333333 0.2201750000 0.1876600000 0.1632833333 0.1433142857 0.1207000000 0.1105444444 0.0994500000 0.0962727273 0.0863500000 0.0725923077 0.0699071429 0.0660333333 0.0613625000 0.0577588235 0.0580666667 0.0537421053 0.0502350000
0.5506000000 0.4074500000 0.2872666667 0.2445500000 0.2012400000 0.1641000000 0.1460142857 0.1253000000 0.1088000000 0.1027400000 0.0934818182 0.0867000000 0.0802307692 0.0746857143 0.0678133333 0.0644937500 0.0628470588 0.0581833333 0.0530210526 0.0549300000
0.5723000000 0.4209500000 0.3217000000 0.2455250000 0.2139200000 0.1888000000 0.1556857143 0.1322125000 0.1182666667 0.1054600000 0.0956090909 0.0961000000 0.0870076923 0.0778000000 0.0713733333 0.0698125000 0.0658294118 0.0618944444 0.0562789474 0.0563900000
0.5694000000 0.4083500000 0.3017666667 0.2393000000 0.2049000000 0.1737333333 0.1510000000 0.1352750000 0.1165111111 0.1101500000 0.1012818182 0.0903000000 0.0806307692 0.0819428571 0.0750000000 0.0725312500 0.0660058824 0.0611166667 0.0612842105 0.0563700000
0.5649000000 0.4092000000 0.3191000000 0.2504250000 0.2037800000 0.1736500000 0.1564714286 0.1299250000 0.1295444444 0.1022100000 0.0959090909 0.0929916667 0.0880153846 0.0768571429 0.0716866667 0.0687687500 0.0699882353 0.0607555556 0.0580947368 0.0591200000
0.5876000000 0.4148000000 0.3180666667 0.2578000000 0.2157600000 0.1845166667 0.1566857143 0.1350625000 0.1237888889 0.1167500000 0.1003454545 0.0931166667 0.0907538462 0.0841857143 0.0755000000 0.0722937500 0.0664470588 0.0642111111 0.0602789474 0.0564250000
0.5808000000 0.4202000000 0.3273666667 0.2541500000 0.2079800000 0.1719833333 0.1611428571 0.1311375000 0.1263222222 0.1111700000 0.0989909091 0.0931833333 0.0884461538 0.0775714286 0.0766266667 0.0708250000 0.0699823529 0.0627111111 0.0624105263 0.0567500000
0.5768000000 0.4201000000 0.3133666667 0.2434500000 0.2218800000 0.1902333333 0.1518000000 0.1384500000 0.1273777778 0.1145500000 0.1007818182 0.0984000000 0.0862461538 0.0847285714 0.0790733333 0.0736250000 0.0665823529 0.0663166667 0.0629631579 0.0574100000
0.5644000000 0.4010000000 0.3014000000 0.2397000000 0.1975800000 0.1714166667 0.1515142857 0.1297875000 0.1271111111 0.1113100000 0.1059818182 0.0948583333 0.0893769231 0.0843857143 0.0810333333 0.0752500000 0.0693411765 0.0644555556 0.0596842105 0.0602350000
0.5736000000 0.3944000000 0.3006666667 0.2461250000 0.2104200000 0.1792333333 0.1543571429 0.1360875000 0.1213333333 0.1126700000 0.1053909091 0.0955833333 0.0895923077 0.0810500000 0.0781533333 0.0724562500 0.0705117647 0.0636944444 0.0642210526 0.0587500000
0.5798000000 0.4053000000 0.3086000000 0.2491000000 0.2125000000 0.1808833333 0.1522428571 0.1340125000 0.1281555556 0.1136000000 0.1037090909 0.1017250000 0.0972076923 0.0844428571 0.0828400000 0.0741250000 0.0773117647 0.0695500000 0.0611157895 0.0604450000
0.5695000000 0.4061000000 0.2990333333 0.2429500000 0.2116000000 0.1766333333 0.1538285714 0.1457750000 0.1266666667 0.1116300000 0.1028909091 0.0997583333 0.0903307692 0.0868571429 0.0808200000 0.0771062500 0.0701058824 0.0662055556 0.0626578947 0.0631850000
0.5644000000 0.3979000000 0.3175666667 0.2531500000 0.2106000000 0.1797666667 0.1607428571 0.1368125000 0.1280333333 0.1139800000 0.1045272727 0.1007583333 0.0891384615 0.0880071429 0.0834600000 0.0760875000 0.0730647059 0.0690777778 0.0651263158 0.0617100000
0.5659000000 0.4152500000 0.3156666667 0.2479000000 0.2055600000 0.1762833333 0.1554000000 0.1332125000 0.1231888889 0.1120600000 0.1072545455 0.1001583333 0.0945153846 0.0870000000 0.0816266667 0.0758500000 0.0755941176 0.0675888889 0.0674421053 0.0638950000
0.5820000000 0.3977500000 0.3287666667 0.2473500000 0.1994400000 0.1840166667 0.1582142857 0.1445875000 0.1274777778 0.1158100000 0.1132727273 0.0996250000 0.0957538462 0.0869500000 0.0843333333 0.0783937500 0.0763058824 0.0696111111 0.0688000000 0.0626750000
0.5904000000 0.4197000000 0.3150000000 0.2600250000 0.2114200000 0.1915000000 0.1560571429 0.1439250000 0.1287333333 0.1212000000 0.1096727273 0.1027916667 0.0986923077 0.0896285714 0.0851666667 0.0775937500 0.0767764706 0.0705722222 0.0674105263 0.0639550000
0.5907000000 0.4145500000 0.3153000000 0.2462500000 0.2188400000 0.1843166667 0.1583142857 0.1359250000 0.1276444444 0.1182000000 0.1115000000 0.1001083333 0.1003076923 0.0917142857 0.0862733333 0.0810625000 0.0727882353 0.0725000000 0.0724473684 0.0661500000
