0.5250400000 0.3298800000 0.2338933333 0.1786700000 0.1415520000 0.1184666667 0.1036857143 0.0910250000 0.0799288889 0.0740240000 0.0654327273 0.0610266667 0.0558430769 0.0511314286 0.0491840000 0.0448150000 0.0417364706 0.0385600000 0.0384589474 0.0362180000
0.5387200000 0.3657600000 0.2533333333 0.1914100000 0.1648240000 0.1376466667 0.1067885714 0.1007750000 0.0886888889 0.0833960000 0.0742872727 0.0705633333 0.0620338462 0.0570714286 0.0555360000 0.0510350000 0.0491270588 0.0427244444 0.0432063158 0.0404740000
0.5608000000 0.3633400000 0.2645600000 0.1941700000 0.1698800000 0.1415600000 0.1193200000 0.1106450000 0.0918266667 0.0857440000 0.0791927273 0.0689866667 0.0646769231 0.0617257143 0.0590640000 0.0523450000 0.0512305882 0.0467088889 0.0450673684 0.0434680000
0.5613600000 0.3397800000 0.2550266667 0.2140700000 0.1626880000 0.1454066667 0.1285485714 0.1193100000 0.0984533333 0.0926880000 0.0820181818 0.0753733333 0.0715446154 0.0688200000 0.0622053333 0.0586300000 0.0550423529 0.0501066667 0.0492210526 0.0481000000
0.5622800000 0.3801200000 0.2641733333 0.2072400000 0.1760800000 0.1490266667 0.1320571429 0.1170900000 0.1117688889 0.0943320000 0.0874836364 0.0764000000 0.0738584615 0.0706828571 0.0629066667 0.0625850000 0.0565647059 0.0542955556 0.0512000000 0.0493240000
0.5427600000 0.3713600000 0.2598000000 0.2061700000 0.1733760000 0.1522866667 0.1377428571 0.1214400000 0.1112533333 0.1007960000 0.0877890909 0.0877866667 0.0786061538 0.0742742857 0.0703653333 0.0671075000 0.0576823529 0.0598088889 0.0528357895 0.0517420000
0.5516400000 0.3664200000 0.2689333333 0.2155600000 0.1809680000 0.1604000000 0.1345028571 0.1196100000 0.1074355556 0.0990960000 0.0965163636 0.0824633333 0.0809415385 0.0745171429 0.0677146667 0.0662100000 0.0640235294 0.0592133333 0.0570063158 0.0536340000
0.5381200000 0.3649000000 0.2694666667 0.2181000000 0.1846480000 0.1645066667 0.1428971429 0.1232350000 0.1188266667 0.1057680000 0.0953345455 0.0887266667 0.0852676923 0.0794828571 0.0725360000 0.0700075000 0.0671176471 0.0644288889 0.0584168421 0.0565200000
0.5704400000 0.3783600000 0.2749866667 0.2151800000 0.1804000000 0.1605800000 0.1431200000 0.1344500000 0.1145733333 0.1058560000 0.0968909091 0.0887500000 0.0832553846 0.0797800000 0.0747040000 0.0703575000 0.0680635294 0.0644511111 0.0602736842 0.0579480000
0.5679600000 0.3892600000 0.2840000000 0.2168300000 0.1816880000 0.1624400000 0.1474057143 0.1293600000 0.1157644444 0.1089280000 0.0983018182 0.0968100000 0.0893323077 0.0829457143 0.0801360000 0.0758700000 0.0739717647 0.0698800000 0.0654926316 0.0617000000
0.5724800000 0.3827600000 0.2726133333 0.2202900000 0.1878640000 0.1650333333 0.1408628571 0.1343500000 0.1252400000 0.1165080000 0.1027963636 0.0948633333 0.0892953846 0.0899114286 0.0844613333 0.0794025000 0.0736188235 0.0700155556 0.0676715789 0.0647420000
0.5589600000 0.3697400000 0.2733200000 0.2148900000 0.1910400000 0.1711133333 0.1501028571 0.1350350000 0.1223422222 0.1190000000 0.1027272727 0.1003400000 0.0909538462 0.0904371429 0.0820800000 0.0785700000 0.0770988235 0.0708333333 0.0669263158 0.0631980000
0.5576800000 0.3833400000 0.2904000000 0.2307300000 0.1909200000 0.1628800000 0.1466628571 0.1416250000 0.1255955556 0.1137720000 0.1101418182 0.1013366667 0.0961353846 0.0917400000 0.0843653333 0.0819550000 0.0786752941 0.0766333333 0.0740757895 0.0681280000
0.5526800000 0.3725200000 0.2826666667 0.2166500000 0.1864000000 0.1675666667 0.1483314286 0.1404750000 0.1212666667 0.1153280000 0.1078727273 0.1025300000 0.0982892308 0.0934200000 0.0911893333 0.0846700000 0.0772823529 0.0735355556 0.0738694737 0.0702860000
0.5764800000 0.3770200000 0.2743066667 0.2171400000 0.1932480000 0.1654933333 0.1553714286 0.1312400000 0.1297066667 0.1236520000 0.1091345455 0.1026500000 0.0985415385 0.0925542857 0.0886666667 0.0827550000 0.0812164706 0.0783777778 0.0718400000 0.0710880000
0.5800000000 0.3752200000 0.2813333333 0.2321400000 0.1901200000 0.1663066667 0.1505085714 0.1399000000 0.1284577778 0.1182960000 0.1081381818 0.1027266667 0.0999076923 0.0937371429 0.0891200000 0.0862625000 0.0859294118 0.0812244444 0.0750463158 0.0735140000
0.5611200000 0.3823000000 0.2667733333 0.2235100000 0.1992880000 0.1648400000 0.1612457143 0.1370550000 0.1235511111 0.1177480000 0.1165854545 0.1039033333 0.1009230769 0.0969971429 0.0913226667 0.0885850000 0.0831552941 0.0814444444 0.0811747368 0.0765200000
0.5668400000 0.3830000000 0.2845866667 0.2190300000 0.1853280000 0.1627200000 0.1508285714 0.1342450000 0.1283600000 0.1138000000 0.1126327273 0.1075266667 0.0995692308 0.0960971429 0.0924160000 0.0877800000 0.0838376471 0.0849622222 0.0803600000 0.0775060000
0.5565200000 0.3804800000 0.2886933333 0.2196600000 0.1953360000 0.1696533333 0.1572057143 0.1391700000 0.1219422222 0.1216960000 0.1134509091 0.1096166667 0.1047323077 0.0996600000 0.0967253333 0.0913275000 0.0880188235 0.0859177778 0.0800905263 0.0771260000
0.5621200000 0.3714400000 0.2666533333 0.2185300000 0.1858240000 0.1681533333 0.1486342857 0.1427450000 0.1265911111 0.1177000000 0.1151781818 0.1024266667 0.1019630769 0.0972400000 0.0966800000 0.0886250000 0.0896117647 0.0847044444 0.0824210526 0.0808000000
