0.3620200000 0.1992600000 0.1259000000 0.1022950000 0.0840720000 0.0700133333 0.0585142857 0.0518925000 0.0429000000 0.0407560000 0.0365509091 0.0340183333 0.0318892308 0.0286042857 0.0263933333 0.0261125000 0.0236341176 0.0228377778 0.0212294737 0.0204590000
0.3563800000 0.2135400000 0.1470800000 0.1200800000 0.0891640000 0.0772766667 0.0694142857 0.0576650000 0.0530755556 0.0452800000 0.0417272727 0.0370483333 0.0361969231 0.0339400000 0.0314666667 0.0293612500 0.0273541176 0.0265700000 0.0252842105 0.0235660000
0.3817800000 0.2118100000 0.1584266667 0.1220500000 0.0959920000 0.0830100000 0.0759028571 0.0652875000 0.0578311111 0.0511020000 0.0469618182 0.0442083333 0.0382846154 0.0386300000 0.0331560000 0.0331075000 0.0309929412 0.0289744444 0.0268631579 0.0248500000
0.3571800000 0.2052800000 0.1545066667 0.1224100000 0.1029120000 0.0874133333 0.0743371429 0.0717225000 0.0619955556 0.0563160000 0.0531018182 0.0450583333 0.0434507692 0.0406942857 0.0363653333 0.0351112500 0.0326164706 0.0314255556 0.0301231579 0.0276490000
0.3777400000 0.2228300000 0.1575333333 0.1340650000 0.1063960000 0.0998533333 0.0795142857 0.0728425000 0.0667111111 0.0608940000 0.0570418182 0.0511683333 0.0495907692 0.0445628571 0.0405666667 0.0406775000 0.0359458824 0.0346411111 0.0336000000 0.0314320000
0.3570800000 0.2279300000 0.1648933333 0.1334950000 0.1108560000 0.0977400000 0.0889657143 0.0790225000 0.0755333333 0.0649640000 0.0609181818 0.0552883333 0.0531600000 0.0462628571 0.0464666667 0.0411212500 0.0411329412 0.0380166667 0.0356294737 0.0338080000
0.3881600000 0.2197100000 0.1598333333 0.1350150000 0.1199520000 0.1009766667 0.0907228571 0.0837775000 0.0761888889 0.0718440000 0.0630800000 0.0608700000 0.0546461538 0.0505385714 0.0478893333 0.0462800000 0.0431552941 0.0405177778 0.0384031579 0.0363920000
0.3717200000 0.2190500000 0.1693733333 0.1384500000 0.1192440000 0.1047266667 0.0945800000 0.0894600000 0.0762022222 0.0733860000 0.0673490909 0.0624116667 0.0601307692 0.0535942857 0.0529600000 0.0478987500 0.0458482353 0.0416811111 0.0400052632 0.0394900000
0.3812000000 0.2158000000 0.1699266667 0.1355200000 0.1217760000 0.1034066667 0.0926571429 0.0857375000 0.0831044444 0.0768260000 0.0721272727 0.0655083333 0.0632692308 0.0554957143 0.0557720000 0.0500500000 0.0479635294 0.0458900000 0.0410105263 0.0402590000
0.3659400000 0.2311600000 0.1593133333 0.1365250000 0.1167800000 0.1067000000 0.0992857143 0.0889200000 0.0836622222 0.0758140000 0.0711054545 0.0727083333 0.0647200000 0.0598200000 0.0570333333 0.0534400000 0.0514247059 0.0489144444 0.0471263158 0.0453940000
0.3779600000 0.2297100000 0.1761000000 0.1403250000 0.1218760000 0.1057300000 0.1003942857 0.0942525000 0.0903488889 0.0819960000 0.0756490909 0.0741650000 0.0691523077 0.0645328571 0.0613186667 0.0577500000 0.0544517647 0.0494533333 0.0481094737 0.0466880000
0.3657800000 0.2158000000 0.1631933333 0.1420250000 0.1158600000 0.1130300000 0.1013828571 0.0979700000 0.0889555556 0.0855620000 0.0753018182 0.0718433333 0.0708646154 0.0672585714 0.0629933333 0.0611400000 0.0584435294 0.0545211111 0.0502147368 0.0501340000
0.3565000000 0.2242600000 0.1623600000 0.1354250000 0.1198560000 0.1088533333 0.1015257143 0.0929775000 0.0874555556 0.0826100000 0.0798545455 0.0724983333 0.0717338462 0.0697714286 0.0673226667 0.0618837500 0.0590035294 0.0558588889 0.0541484211 0.0542270000
0.3776600000 0.2225400000 0.1667466667 0.1386250000 0.1206800000 0.1100100000 0.1015428571 0.0970900000 0.0888133333 0.0846880000 0.0818981818 0.0770283333 0.0742292308 0.0684028571 0.0700000000 0.0619887500 0.0612541176 0.0590488889 0.0563305263 0.0538770000
0.3766200000 0.2110000000 0.1649133333 0.1383150000 0.1186200000 0.1080633333 0.1025257143 0.0941450000 0.0881933333 0.0831220000 0.0814509091 0.0784183333 0.0759753846 0.0708528571 0.0692800000 0.0664800000 0.0635529412 0.0600922222 0.0587736842 0.0533610000
0.3875600000 0.2238500000 0.1651600000 0.1407600000 0.1236440000 0.1106866667 0.0992085714 0.0941925000 0.0909644444 0.0869760000 0.0792872727 0.0805300000 0.0737169231 0.0698842857 0.0716600000 0.0684825000 0.0649235294 0.0638411111 0.0595010526 0.0581690000
0.3673600000 0.2180000000 0.1678600000 0.1353950000 0.1204160000 0.1121700000 0.1032228571 0.0942075000 0.0892355556 0.0848340000 0.0857545455 0.0787466667 0.0775800000 0.0769700000 0.0700866667 0.0721262500 0.0672917647 0.0633566667 0.0607210526 0.0567880000
0.3560400000 0.2294500000 0.1585600000 0.1458450000 0.1177080000 0.1168166667 0.0998171429 0.0965825000 0.0901600000 0.0871600000 0.0837709091 0.0845533333 0.0796815385 0.0743071429 0.0754800000 0.0719562500 0.0682329412 0.0680855556 0.0643705263 0.0639220000
0.3801800000 0.2286600000 0.1722133333 0.1419650000 0.1197440000 0.1100633333 0.1004714286 0.0964575000 0.0871200000 0.0878000000 0.0821763636 0.0811400000 0.0784661538 0.0753257143 0.0741480000 0.0721875000 0.0691458824 0.0666400000 0.0647273684 0.0635410000
0.3814800000 0.2276500000 0.1716466667 0.1450350000 0.1259720000 0.1111500000 0.1034200000 0.0977600000 0.0921333333 0.0871440000 0.0855363636 0.0791166667 0.0761476923 0.0766671429 0.0731080000 0.0711125000 0.0709917647 0.0671533333 0.0653115789 0.0645610000
