0.3722195567 0.2952449586 0.2110301657 0.1658002747 0.1337590344 0.1083863665 0.0959203709 0.0865192139 0.0744732606 0.0661941344 0.0587612020 0.0550798548 0.0520844829 0.0494988092 0.0473249468 0.0423758867 0.0393782373 0.0380253389 0.0363602886 0.0329219148
0.3748172376 0.3020086462 0.2266478424 0.1728846780 0.1494337881 0.1247116480 0.0973118960 0.0986487424 0.0821819691 0.0729172900 0.0699318165 0.0646720306 0.0560850646 0.0523986583 0.0499706384 0.0463009587 0.0446616722 0.0392771051 0.0405787205 0.0368705211
0.3602434732 0.3054616906 0.2373906433 0.1689429226 0.1533330545 0.1260911917 0.1128976909 0.1007475011 0.0854783581 0.0780817934 0.0725361777 0.0621047130 0.0586330763 0.0546114426 0.0530794490 0.0472821422 0.0471215741 0.0432071461 0.0406206340 0.0404922335
0.3731441416 0.2964583472 0.2285050434 0.1873737845 0.1484458374 0.1264934393 0.1195329665 0.1043627036 0.0854655106 0.0828966022 0.0693118930 0.0683306874 0.0646180583 0.0616466184 0.0579644072 0.0555435469 0.0515911825 0.0457298398 0.0439523086 0.0418636597
0.3696652561 0.2968837914 0.2273089062 0.1821575757 0.1500348546 0.1263425122 0.1183036425 0.1000001595 0.0988868510 0.0819817649 0.0775985546 0.0686334548 0.0666564083 0.0621300071 0.0568051265 0.0543126852 0.0507255264 0.0485217279 0.0439154867 0.0437167133
0.3754660869 0.3020009113 0.2272783022 0.1835560707 0.1576098304 0.1322570479 0.1170798402 0.1089347346 0.0989456492 0.0923046607 0.0759098061 0.0747753007 0.0681526856 0.0667521755 0.0638686002 0.0572379000 0.0524716315 0.0516802421 0.0459493442 0.0445415024
0.3746300981 0.2975620668 0.2352444025 0.1900423279 0.1623919917 0.1455827218 0.1191634180 0.1122938017 0.0968253687 0.0866737260 0.0827392388 0.0719457264 0.0674899327 0.0670429919 0.0613703396 0.0596052506 0.0559645909 0.0525612956 0.0489092060 0.0464372915
0.3712116184 0.2999073023 0.2310724369 0.1865389772 0.1562947859 0.1379228486 0.1276729177 0.1069689664 0.1001654241 0.0909238482 0.0805618215 0.0734977003 0.0708499243 0.0684666008 0.0645068044 0.0597945959 0.0565786894 0.0554880902 0.0514707564 0.0465971845
0.3680584280 0.3048981968 0.2338526123 0.1833487595 0.1566516645 0.1354113783 0.1226491108 0.1154478129 0.0998970491 0.0920275354 0.0847930275 0.0757079458 0.0697295289 0.0683384776 0.0631565422 0.0601881711 0.0573656358 0.0570956741 0.0540472800 0.0496680712
0.3676158843 0.3055019679 0.2353104805 0.1850190560 0.1556240555 0.1388085883 0.1260181243 0.1066648508 0.1003317747 0.0957577089 0.0818383742 0.0815610985 0.0743684040 0.0681537301 0.0653348788 0.0628893322 0.0613895004 0.0593372069 0.0534019045 0.0523355138
0.3643090029 0.3085209594 0.2277538960 0.1897224707 0.1620535637 0.1369883977 0.1178984965 0.1171737065 0.1068242317 0.0974960816 0.0860598015 0.0834082543 0.0748890815 0.0709359607 0.0707985723 0.0670401875 0.0613488547 0.0554779881 0.0557993741 0.0526755867
0.3688540611 0.3014059263 0.2407152302 0.1855639725 0.1649198787 0.1455564207 0.1225892329 0.1132277518 0.1013213707 0.0989058138 0.0852662917 0.0792760014 0.0763162774 0.0703556325 0.0677277478 0.0628212154 0.0634532315 0.0561019079 0.0548392524 0.0505037107
0.3762098053 0.3049440021 0.2385666830 0.1953519058 0.1602443684 0.1409837463 0.1240632418 0.1149507911 0.1003269636 0.0930044946 0.0889821584 0.0825209872 0.0779234924 0.0737897244 0.0700753743 0.0643208013 0.0614951893 0.0620062830 0.0567838065 0.0547623193
0.3763349806 0.3069815134 0.2376028432 0.1972376168 0.1611669445 0.1400505901 0.1218159516 0.1139034652 0.1012970476 0.0959631409 0.0919493051 0.0837353582 0.0804058854 0.0744061217 0.0712697578 0.0677241914 0.0611243658 0.0604292758 0.0590995875 0.0576444464
0.3673695818 0.3016678962 0.2378267048 0.1873542644 0.1583595229 0.1402611887 0.1280790445 0.1092721941 0.1050849527 0.0980458204 0.0889005652 0.0852850759 0.0796309431 0.0713055377 0.0672101315 0.0674444955 0.0634962751 0.0618438935 0.0593840451 0.0558349018
0.3746358232 0.2999439141 0.2353021698 0.1922181584 0.1620318537 0.1420054903 0.1314653463 0.1149336330 0.1048087821 0.0999017537 0.0861573695 0.0846195982 0.0798362288 0.0751657291 0.0710984344 0.0674825892 0.0677415647 0.0652106709 0.0597543407 0.0567077402
0.3738089694 0.3092596159 0.2216575681 0.1910826520 0.1632107994 0.1392958361 0.1299738719 0.1131848134 0.1046036233 0.0960016692 0.0940513859 0.0809540171 0.0800327744 0.0743170483 0.0714165737 0.0715630685 0.0619429236 0.0640617565 0.0628313183 0.0582971149
0.3666535346 0.3104406546 0.2359772735 0.1860703069 0.1591663168 0.1344912283 0.1204401418 0.1105140488 0.1033192190 0.0930723160 0.0899062744 0.0850709139 0.0783231600 0.0749601279 0.0733523206 0.0711052677 0.0611456411 0.0639794995 0.0600971239 0.0587265525
0.3698030416 0.3013724765 0.2359280101 0.1924226712 0.1631590362 0.1382126053 0.1253128498 0.1158987105 0.1014270552 0.0962483641 0.0886258287 0.0860088997 0.0828304352 0.0782509224 0.0757120165 0.0708034709 0.0681291481 0.0630320095 0.0588338437 0.0586614705
0.3754425463 0.3086660435 0.2386171267 0.1872141530 0.1549565133 0.1405606664 0.1218575788 0.1182040184 0.1038764424 0.0963718112 0.0931197203 0.0828721918 0.0815344531 0.0759821055 0.0737777552 0.0714405128 0.0671312622 0.0649372465 0.0635079946 0.0586805590
