0.3349600000 0.1829200000 0.1225600000 0.0929500000 0.0777520000 0.0597733333 0.0522971429 0.0484700000 0.0426800000 0.0367640000 0.0344800000 0.0328166667 0.0272430769 0.0261542857 0.0259120000 0.0230400000 0.0226188235 0.0205622222 0.0211094737 0.0182960000
0.3299200000 0.1947000000 0.1264133333 0.1040100000 0.0789040000 0.0670066667 0.0561657143 0.0551650000 0.0450044444 0.0395120000 0.0376690909 0.0352766667 0.0317476923 0.0293228571 0.0268826667 0.0250875000 0.0254258824 0.0226844444 0.0218547368 0.0208600000
0.3441600000 0.2044800000 0.1328533333 0.1078300000 0.0869120000 0.0720666667 0.0610800000 0.0554050000 0.0480755556 0.0428960000 0.0412327273 0.0351600000 0.0337353846 0.0313114286 0.0307413333 0.0287125000 0.0267317647 0.0245800000 0.0230863158 0.0218400000
0.3540000000 0.2103600000 0.1437066667 0.1101300000 0.0906800000 0.0764866667 0.0635142857 0.0591350000 0.0507688889 0.0480840000 0.0415527273 0.0402566667 0.0339076923 0.0353771429 0.0312106667 0.0293375000 0.0273552941 0.0273777778 0.0256042105 0.0239720000
0.3651600000 0.2106400000 0.1533866667 0.1118400000 0.0954400000 0.0788933333 0.0694914286 0.0623950000 0.0521155556 0.0488560000 0.0465927273 0.0417533333 0.0367876923 0.0366028571 0.0336853333 0.0303500000 0.0284211765 0.0273755556 0.0247768421 0.0257280000
0.3778400000 0.2150400000 0.1511466667 0.1202800000 0.0969280000 0.0855400000 0.0723885714 0.0642350000 0.0588133333 0.0516800000 0.0465745455 0.0436933333 0.0391753846 0.0393600000 0.0352693333 0.0320750000 0.0328352941 0.0310800000 0.0275578947 0.0256720000
0.3591200000 0.2164400000 0.1491200000 0.1150200000 0.0942880000 0.0801066667 0.0692857143 0.0644950000 0.0594577778 0.0517400000 0.0491781818 0.0456133333 0.0418984615 0.0380571429 0.0347226667 0.0323600000 0.0311929412 0.0303200000 0.0293263158 0.0268420000
0.3693200000 0.2229400000 0.1508000000 0.1250100000 0.1009120000 0.0806666667 0.0779371429 0.0679450000 0.0591777778 0.0554640000 0.0494763636 0.0471233333 0.0409353846 0.0427657143 0.0363466667 0.0371975000 0.0325741176 0.0325044444 0.0311873684 0.0283780000
0.3461600000 0.2013200000 0.1451066667 0.1146200000 0.0997840000 0.0838066667 0.0742457143 0.0650900000 0.0604888889 0.0556160000 0.0478872727 0.0474566667 0.0423507692 0.0406428571 0.0378986667 0.0361975000 0.0337741176 0.0328955556 0.0307115789 0.0298400000
0.3578000000 0.2107000000 0.1472666667 0.1154900000 0.0950960000 0.0863466667 0.0767885714 0.0661400000 0.0595244444 0.0542200000 0.0493963636 0.0515000000 0.0425476923 0.0417285714 0.0396880000 0.0355075000 0.0346188235 0.0338177778 0.0332989474 0.0303040000
0.3511200000 0.2031400000 0.1489066667 0.1185900000 0.1006000000 0.0833400000 0.0744628571 0.0680100000 0.0576800000 0.0558640000 0.0481818182 0.0453200000 0.0438492308 0.0429885714 0.0402400000 0.0379800000 0.0346235294 0.0343511111 0.0340273684 0.0304700000
0.3671600000 0.2066400000 0.1457466667 0.1191900000 0.1028480000 0.0815933333 0.0754342857 0.0664850000 0.0628800000 0.0597480000 0.0545200000 0.0477633333 0.0464276923 0.0439400000 0.0413493333 0.0387425000 0.0356400000 0.0338644444 0.0339136842 0.0330200000
0.3291200000 0.2076600000 0.1459866667 0.1176000000 0.0927600000 0.0838000000 0.0727314286 0.0645850000 0.0616622222 0.0578080000 0.0520181818 0.0485066667 0.0480030769 0.0436828571 0.0414426667 0.0383325000 0.0378258824 0.0335111111 0.0352105263 0.0321700000
0.3440800000 0.2045400000 0.1465733333 0.1150100000 0.0982720000 0.0878600000 0.0735257143 0.0712950000 0.0620000000 0.0585360000 0.0520181818 0.0523066667 0.0461107692 0.0448885714 0.0418800000 0.0400250000 0.0363270588 0.0375377778 0.0357894737 0.0342920000
0.3542800000 0.2056000000 0.1488800000 0.1136400000 0.1022480000 0.0879400000 0.0810228571 0.0664250000 0.0632844444 0.0611200000 0.0548472727 0.0501566667 0.0479169231 0.0471571429 0.0456480000 0.0412500000 0.0385082353 0.0353066667 0.0355473684 0.0358780000
0.3228800000 0.2025400000 0.1412933333 0.1131000000 0.0970880000 0.0802533333 0.0729085714 0.0656150000 0.0612533333 0.0563240000 0.0538363636 0.0498066667 0.0457876923 0.0464285714 0.0420906667 0.0412075000 0.0394564706 0.0382288889 0.0358547368 0.0334480000
0.3413600000 0.1975400000 0.1380666667 0.1146200000 0.0967040000 0.0842200000 0.0758285714 0.0663550000 0.0640400000 0.0622320000 0.0569236364 0.0524633333 0.0496800000 0.0470714286 0.0451013333 0.0407375000 0.0388023529 0.0374866667 0.0359473684 0.0347020000
0.3418400000 0.2013400000 0.1495600000 0.1109600000 0.1007600000 0.0878333333 0.0772057143 0.0676950000 0.0622577778 0.0578760000 0.0569236364 0.0517900000 0.0486184615 0.0470000000 0.0464320000 0.0411150000 0.0397576471 0.0380488889 0.0372357895 0.0353620000
0.3598400000 0.2027000000 0.1482000000 0.1112000000 0.1017760000 0.0845266667 0.0776171429 0.0699950000 0.0623822222 0.0622520000 0.0520327273 0.0522233333 0.0503292308 0.0488028571 0.0453386667 0.0420400000 0.0401835294 0.0408777778 0.0364715789 0.0365160000
0.3499200000 0.2207400000 0.1408800000 0.1200800000 0.1017760000 0.0911133333 0.0761085714 0.0736600000 0.0677333333 0.0589080000 0.0552436364 0.0517966667 0.0521753846 0.0495885714 0.0434506667 0.0448125000 0.0416564706 0.0385844444 0.0384905263 0.0375760000
