0.2947003895 0.1852383664 0.1134073827 0.0908821103 0.0797935011 0.0608075273 0.0534195256 0.0468712299 0.0382581211 0.0384542906 0.0336371691 0.0313190605 0.0283512214 0.0261534120 0.0249131103 0.0240565057 0.0210214943 0.0201810045 0.0198113478 0.0181857724
0.3028149527 0.1851028590 0.1303557791 0.1071538315 0.0802829316 0.0707202243 0.0625536814 0.0518328831 0.0466594991 0.0416669845 0.0383915237 0.0334406007 0.0317722374 0.0307306746 0.0281048197 0.0257377968 0.0246194004 0.0230606134 0.0218183790 0.0211900836
0.3054957145 0.1868978970 0.1397153144 0.1068082277 0.0827071940 0.0720413146 0.0629240971 0.0522643386 0.0486185162 0.0470019318 0.0404988627 0.0381159552 0.0343579410 0.0332146181 0.0294616983 0.0285228473 0.0280978435 0.0249801667 0.0238387845 0.0224491314
0.3060752319 0.1860637568 0.1367598096 0.1086657347 0.0872757484 0.0736592624 0.0626394722 0.0632310386 0.0541405394 0.0492199568 0.0455269810 0.0377643194 0.0379409679 0.0362406865 0.0318006827 0.0288190768 0.0273581355 0.0270172992 0.0250514443 0.0249339086
0.3053458570 0.1941094823 0.1318843096 0.1071365987 0.0909704303 0.0823167368 0.0650686984 0.0623814992 0.0569310434 0.0519673432 0.0477364622 0.0416983080 0.0417113565 0.0366244137 0.0341058320 0.0331054715 0.0305179075 0.0285518301 0.0279410856 0.0263397680
0.2972020754 0.1932941155 0.1422662987 0.1117938280 0.0928148440 0.0805753144 0.0717295918 0.0619477663 0.0563531151 0.0530689995 0.0506155164 0.0450527182 0.0428743336 0.0363063649 0.0379311071 0.0329338919 0.0323721361 0.0305681747 0.0286254424 0.0265283082
0.3040878399 0.1888311836 0.1305959630 0.1130788432 0.0979862730 0.0818564564 0.0738688297 0.0682016257 0.0606348217 0.0582583184 0.0524804368 0.0466359874 0.0432112631 0.0411437220 0.0387537436 0.0365670066 0.0358952508 0.0321213525 0.0292184003 0.0288195825
0.3032824453 0.1885263841 0.1457515640 0.1127033606 0.0974258511 0.0827888396 0.0754169034 0.0709700352 0.0596887532 0.0583790631 0.0501604116 0.0488182340 0.0478477807 0.0403951842 0.0420251269 0.0381989291 0.0366695552 0.0325928840 0.0321322574 0.0310897073
0.2967506698 0.1802630300 0.1413723026 0.1096190202 0.0987631400 0.0812578554 0.0774949162 0.0649951909 0.0659830652 0.0573125617 0.0532584871 0.0500036658 0.0484985786 0.0422087521 0.0409325029 0.0397404941 0.0353441927 0.0334580703 0.0316173521 0.0315072995
0.3071929628 0.1959445187 0.1374103976 0.1161182560 0.0931602469 0.0833755826 0.0735911208 0.0658035607 0.0648648394 0.0567890254 0.0529726059 0.0533373013 0.0488292127 0.0427690076 0.0414954750 0.0395853211 0.0388516027 0.0356303115 0.0340890329 0.0330048597
0.2903691416 0.1950005536 0.1459864187 0.1117703868 0.0977658459 0.0837611710 0.0769916484 0.0711258391 0.0679248441 0.0617486517 0.0562047776 0.0528348054 0.0492413065 0.0438566559 0.0433344590 0.0409196621 0.0388347817 0.0368295027 0.0338254012 0.0332066960
0.2980976209 0.1895630766 0.1374309619 0.1185066427 0.0960493019 0.0931859979 0.0769400373 0.0741760851 0.0647718541 0.0625583580 0.0551510906 0.0515853329 0.0504948332 0.0495733725 0.0444670360 0.0430209661 0.0406288062 0.0372285275 0.0355207931 0.0340404178
0.3007260381 0.1894134430 0.1383992107 0.1169273038 0.0966424092 0.0828437394 0.0768646223 0.0707016849 0.0640437726 0.0606960287 0.0576635898 0.0502961783 0.0495848295 0.0491609269 0.0466285165 0.0421083415 0.0425479431 0.0380293336 0.0374767373 0.0365675193
0.3029490459 0.1908458760 0.1392829025 0.1120947562 0.0934418407 0.0879145413 0.0741828078 0.0702400840 0.0631929377 0.0619358269 0.0585844044 0.0564322581 0.0521289480 0.0482221491 0.0477749911 0.0430730433 0.0409465792 0.0414215794 0.0378307911 0.0361120461
0.2994905267 0.1884584835 0.1327527076 0.1128157160 0.0975017518 0.0845161023 0.0772544454 0.0707587025 0.0620330072 0.0608720717 0.0606175709 0.0546313504 0.0530713162 0.0488953608 0.0464791738 0.0458185304 0.0419839745 0.0400182383 0.0399607255 0.0371767492
0.3093070423 0.1899143952 0.1388333812 0.1097124533 0.0966589947 0.0860955260 0.0803734280 0.0707555948 0.0667187813 0.0623567753 0.0573047626 0.0584469103 0.0493581751 0.0460239609 0.0474950472 0.0434451559 0.0423334069 0.0411340199 0.0403712869 0.0375102711
0.3033127600 0.1862637914 0.1350145604 0.1179583358 0.0983295019 0.0858974323 0.0799257623 0.0678170568 0.0657887252 0.0603049289 0.0605200540 0.0557017977 0.0548792903 0.0515720293 0.0457594051 0.0480006445 0.0433855300 0.0395020012 0.0387516530 0.0360742159
0.2941107247 0.1914617390 0.1388030329 0.1192434945 0.0962485674 0.0892808910 0.0776448169 0.0683524099 0.0660930439 0.0607816946 0.0623451476 0.0567565507 0.0526702851 0.0484835081 0.0482316245 0.0479928995 0.0444261527 0.0438955026 0.0427577457 0.0396044684
0.3060175936 0.1958810976 0.1412675595 0.1164470428 0.0963940167 0.0889162302 0.0740139962 0.0738106154 0.0632300282 0.0616746301 0.0575583697 0.0567157176 0.0525589664 0.0519581467 0.0475151378 0.0469461044 0.0441667950 0.0424445524 0.0405402836 0.0380398517
0.3094579286 0.1932784973 0.1380548991 0.1169122482 0.0971711851 0.0868944427 0.0782087312 0.0730243617 0.0657901040 0.0611758389 0.0582491932 0.0547361626 0.0500674098 0.0486573213 0.0473805293 0.0458742830 0.0430500369 0.0400489848 0.0404313567 0.0387442935
