0.2029600000 0.1081100000 0.0703066667 0.0526700000 0.0406120000 0.0358000000 0.0311800000 0.0259650000 0.0240711111 0.0219900000 0.0193072727 0.0178283333 0.0169830769 0.0142828571 0.0146906667 0.0133587500 0.0125741176 0.0115477778 0.0108726316 0.0105960000
0.2113600000 0.1158000000 0.0801800000 0.0561300000 0.0465360000 0.0378366667 0.0325571429 0.0294825000 0.0256955556 0.0237300000 0.0221290909 0.0210083333 0.0181984615 0.0170014286 0.0162826667 0.0144050000 0.0147682353 0.0134922222 0.0124884211 0.0122840000
0.2095400000 0.1221000000 0.0763333333 0.0593100000 0.0492480000 0.0414466667 0.0362914286 0.0335875000 0.0286711111 0.0259740000 0.0240109091 0.0209700000 0.0189338462 0.0176557143 0.0178400000 0.0161312500 0.0146176471 0.0146233333 0.0137442105 0.0122690000
0.2044800000 0.1112200000 0.0792466667 0.0652250000 0.0511720000 0.0437166667 0.0390685714 0.0343525000 0.0299800000 0.0260440000 0.0242981818 0.0233883333 0.0220569231 0.0190357143 0.0192280000 0.0176687500 0.0159600000 0.0147166667 0.0153263158 0.0141390000
0.2106200000 0.1176400000 0.0858866667 0.0671200000 0.0539120000 0.0468533333 0.0416742857 0.0352625000 0.0351711111 0.0292960000 0.0277818182 0.0251566667 0.0225369231 0.0205542857 0.0205266667 0.0182075000 0.0173964706 0.0160477778 0.0147389474 0.0152570000
0.2041600000 0.1108500000 0.0814733333 0.0663350000 0.0547320000 0.0467600000 0.0409085714 0.0375775000 0.0339666667 0.0305160000 0.0288836364 0.0251933333 0.0244861538 0.0224071429 0.0212093333 0.0192975000 0.0189000000 0.0174633333 0.0158621053 0.0150740000
0.2164600000 0.1187600000 0.0805000000 0.0712800000 0.0596840000 0.0510033333 0.0445857143 0.0403775000 0.0367266667 0.0324120000 0.0311072727 0.0283300000 0.0273000000 0.0248528571 0.0235546667 0.0213412500 0.0213247059 0.0199677778 0.0183515789 0.0177950000
0.2121600000 0.1166500000 0.0906800000 0.0698400000 0.0620000000 0.0521233333 0.0472257143 0.0434500000 0.0376400000 0.0344060000 0.0320781818 0.0309400000 0.0285215385 0.0265385714 0.0238040000 0.0224500000 0.0214964706 0.0206300000 0.0189557895 0.0185830000
0.2082400000 0.1206800000 0.0832400000 0.0712650000 0.0607360000 0.0534000000 0.0464800000 0.0445075000 0.0414377778 0.0383260000 0.0330363636 0.0314583333 0.0276446154 0.0281942857 0.0265133333 0.0243812500 0.0234658824 0.0219477778 0.0211968421 0.0189490000
0.2007800000 0.1161800000 0.0776533333 0.0691400000 0.0591240000 0.0500066667 0.0432400000 0.0428400000 0.0384488889 0.0361580000 0.0347672727 0.0316400000 0.0304584615 0.0273771429 0.0261093333 0.0257562500 0.0238400000 0.0219066667 0.0206642105 0.0198740000
0.2128200000 0.1226400000 0.0872000000 0.0705200000 0.0632120000 0.0530733333 0.0493542857 0.0465800000 0.0407955556 0.0399420000 0.0362454545 0.0332900000 0.0311338462 0.0297785714 0.0289653333 0.0277050000 0.0245070588 0.0228444444 0.0229326316 0.0203040000
0.2209600000 0.1251200000 0.0833600000 0.0711500000 0.0609720000 0.0534866667 0.0456685714 0.0442300000 0.0413755556 0.0379820000 0.0337090909 0.0348033333 0.0300446154 0.0306485714 0.0288173333 0.0264687500 0.0269788235 0.0252566667 0.0241368421 0.0223460000
0.2169800000 0.1188400000 0.0896533333 0.0697350000 0.0629040000 0.0555800000 0.0464028571 0.0461200000 0.0434800000 0.0393520000 0.0381872727 0.0372333333 0.0337092308 0.0302428571 0.0289733333 0.0291387500 0.0265717647 0.0256244444 0.0245378947 0.0239920000
0.2136800000 0.1249500000 0.0900333333 0.0670500000 0.0625360000 0.0557266667 0.0495857143 0.0432950000 0.0426644444 0.0377060000 0.0364345455 0.0349700000 0.0332830769 0.0333342857 0.0311066667 0.0293450000 0.0278270588 0.0270411111 0.0262305263 0.0234390000
0.2089000000 0.1134600000 0.0840533333 0.0699100000 0.0608960000 0.0556100000 0.0496885714 0.0458050000 0.0431866667 0.0402780000 0.0375563636 0.0366016667 0.0349046154 0.0349371429 0.0306866667 0.0295862500 0.0271376471 0.0272344444 0.0247400000 0.0244810000
0.2043800000 0.1162300000 0.0853533333 0.0707150000 0.0595480000 0.0551066667 0.0457628571 0.0456200000 0.0426422222 0.0412080000 0.0376400000 0.0368400000 0.0344046154 0.0325142857 0.0302653333 0.0311637500 0.0300541176 0.0285055556 0.0272810526 0.0246470000
0.2083400000 0.1197800000 0.0891066667 0.0702750000 0.0582240000 0.0535000000 0.0501971429 0.0437900000 0.0421022222 0.0406620000 0.0388690909 0.0370116667 0.0379753846 0.0328371429 0.0330133333 0.0315750000 0.0308376471 0.0291155556 0.0283231579 0.0270880000
0.2073400000 0.1107600000 0.0849266667 0.0694900000 0.0600360000 0.0535433333 0.0494485714 0.0443575000 0.0421088889 0.0388520000 0.0384218182 0.0361616667 0.0340615385 0.0337457143 0.0332653333 0.0322512500 0.0299482353 0.0299200000 0.0276494737 0.0271220000
0.2088600000 0.1154600000 0.0888400000 0.0767550000 0.0605200000 0.0542100000 0.0452085714 0.0477800000 0.0416688889 0.0403540000 0.0376472727 0.0385133333 0.0355984615 0.0352300000 0.0331666667 0.0325262500 0.0307611765 0.0300377778 0.0296010526 0.0275190000
0.2245600000 0.1208400000 0.0922200000 0.0727300000 0.0591600000 0.0556133333 0.0506885714 0.0478625000 0.0424466667 0.0396440000 0.0391072727 0.0376933333 0.0368446154 0.0349414286 0.0336653333 0.0318337500 0.0321435294 0.0318044444 0.0300147368 0.0284790000
