0.3758158592 0.2369281273 0.1662900278 0.1492215132 0.1207953228 0.1076965580 0.0841341870 0.0714058285 0.0620789213 0.0582504077 0.0566961424 0.0493994314 0.0463238912 0.0410356832 0.0371982025 0.0391516104 0.0356016363 0.0343291817 0.0319718154 0.0299302456
0.3934434648 0.3344263148 0.2611829840 0.2209390810 0.1681171020 0.1453996179 0.1287936167 0.1146209453 0.1080967508 0.0915300557 0.0784900457 0.0826240549 0.0670678805 0.0572889913 0.0639767149 0.0570642042 0.0535812341 0.0502227750 0.0496212625 0.0445330215
0.3963547779 0.3375128701 0.2790915342 0.2256570628 0.2001507592 0.1630687347 0.1402061194 0.1207766120 0.1143479097 0.0986301678 0.1006446983 0.0860544014 0.0787982515 0.0686468618 0.0633797300 0.0636130342 0.0597859431 0.0550848997 0.0588821171 0.0511432965
0.3981918633 0.3416202241 0.2848295865 0.2361325780 0.2060197185 0.1797527553 0.1614506786 0.1329788893 0.1267564979 0.1087271700 0.1095354201 0.0948408594 0.0793054282 0.0745290078 0.0714951358 0.0666329955 0.0619102596 0.0654442784 0.0603935567 0.0566910026
0.3936491331 0.3558679495 0.2862517851 0.2563694551 0.2119831654 0.1774153037 0.1683728607 0.1410448865 0.1233467140 0.1183498728 0.1021095308 0.0988990731 0.0917609126 0.0838146838 0.0769526307 0.0720159593 0.0675943897 0.0642005132 0.0600725609 0.0603609568
0.3902341733 0.3523401730 0.3022530195 0.2454141385 0.2273126341 0.2023050612 0.1669728048 0.1450592934 0.1237875839 0.1142024010 0.1020402250 0.1031702261 0.0958778436 0.0839662031 0.0775484262 0.0754427297 0.0700806552 0.0715621803 0.0620197339 0.0618079113
0.3838015633 0.3424146280 0.2937916703 0.2494729645 0.2119933725 0.1945237946 0.1655819053 0.1576657441 0.1311825625 0.1243650976 0.1209791728 0.0990794799 0.0892074492 0.0908882516 0.0821255137 0.0728405190 0.0701402843 0.0708321348 0.0673308415 0.0632994716
0.3972127767 0.3541120727 0.3075976286 0.2572458831 0.2169564740 0.1954804899 0.1685137861 0.1480090601 0.1419931832 0.1176724942 0.1056727758 0.1042138956 0.0969782004 0.0882316062 0.0794822107 0.0742327924 0.0758963954 0.0658861495 0.0651349666 0.0645157004
0.3854429141 0.3466712564 0.2991548020 0.2551208733 0.2282989759 0.2081905904 0.1742066425 0.1466538095 0.1371613086 0.1326647561 0.1037433881 0.1031940338 0.1012318202 0.0931983303 0.0851585123 0.0817708094 0.0759512647 0.0702589206 0.0672383182 0.0608883764
0.3781419839 0.3548196161 0.3012583959 0.2527034378 0.2169587970 0.1917240776 0.1641686539 0.1415538320 0.1409223755 0.1229086291 0.1086660967 0.1024813249 0.0980103835 0.0857138095 0.0828680247 0.0764642931 0.0777193048 0.0693481679 0.0667972987 0.0634971456
0.3879713391 0.3502156336 0.2980607675 0.2546632041 0.2309849900 0.2043829494 0.1610768127 0.1567383488 0.1341708437 0.1264041040 0.1146451961 0.1080094955 0.0909239412 0.0888988637 0.0836239410 0.0787047489 0.0697804860 0.0720885581 0.0714917486 0.0607280158
0.3844640946 0.3479784476 0.2967307721 0.2496801153 0.2182222344 0.1945420370 0.1644711773 0.1397521864 0.1420521553 0.1321256368 0.1185445608 0.1045427581 0.0994772844 0.0954290537 0.0883007424 0.0822302408 0.0782311047 0.0727450300 0.0663250620 0.0652818487
0.3867338103 0.3391218660 0.2911692902 0.2430033114 0.2224549923 0.1963977568 0.1668819545 0.1541763555 0.1359827513 0.1251182285 0.1134082623 0.1052150905 0.1011877366 0.0924365726 0.0871061348 0.0813017506 0.0784783555 0.0709722548 0.0747952322 0.0632209419
0.3813292016 0.3427636358 0.2880344038 0.2510934886 0.2267689353 0.2008519293 0.1687356047 0.1480419910 0.1471804318 0.1263251361 0.1191691402 0.1135078775 0.1134471258 0.0987013419 0.0943258004 0.0829905868 0.0844224324 0.0772876699 0.0695918962 0.0652738613
0.3932934655 0.3472359284 0.2908763750 0.2413432152 0.2183626342 0.1893441869 0.1715322163 0.1629367956 0.1372822631 0.1212824930 0.1135777580 0.1101136279 0.1001971285 0.0971739446 0.0824011518 0.0851325784 0.0761734671 0.0709625425 0.0713273393 0.0682622207
0.3966265750 0.3570162321 0.3088532032 0.2623096024 0.2287383658 0.2067769894 0.1769863917 0.1541539282 0.1474471954 0.1309418176 0.1204269251 0.1168268897 0.1020576053 0.0998345465 0.0922714929 0.0882719794 0.0830695208 0.0768290639 0.0722656924 0.0682303151
0.3938365016 0.3545418699 0.3096182237 0.2528548793 0.2148382796 0.1884410245 0.1658602288 0.1467456084 0.1351941590 0.1257304911 0.1173027432 0.1111463746 0.1009805860 0.0990870572 0.0927362961 0.0824198247 0.0846402521 0.0755732095 0.0730505468 0.0710802643
0.3968576571 0.3424579354 0.3089016942 0.2526840468 0.2135689266 0.2000620175 0.1720330859 0.1652306678 0.1403396546 0.1301965587 0.1211993781 0.1144870732 0.1053720644 0.0909970483 0.0965358885 0.0832691774 0.0865768087 0.0796355704 0.0767333073 0.0656998430
0.3871018471 0.3450172604 0.3066983679 0.2686286924 0.2152105564 0.2078527123 0.1720691745 0.1531042353 0.1431646742 0.1327070458 0.1160350132 0.1069523437 0.1069726227 0.1016646388 0.0981482722 0.0814106045 0.0897160642 0.0807657776 0.0726371348 0.0732310247
0.3876641717 0.3514623700 0.2941207594 0.2588478076 0.2243110662 0.1995227076 0.1693958509 0.1460940001 0.1467473919 0.1291199442 0.1158614073 0.1077080774 0.1051328829 0.0985720497 0.0941350139 0.0862507020 0.0826607952 0.0797920716 0.0771266855 0.0735117508
