0.3767014733 0.3772557190 0.3595318422 0.3249388366 0.2947967734 0.2516014816 0.2276501572 0.1872316263 0.1726769163 0.1504754595 0.1372008228 0.1276402755 0.1173100315 0.1070896058 0.1057068481 0.0970086143 0.0903915389 0.0897195108 0.0825886243 0.0787776578
0.3822109234 0.3879576781 0.3668524847 0.3222427569 0.2914728385 0.2615487925 0.2281462671 0.2059401912 0.1833025846 0.1710054944 0.1509736456 0.1370811357 0.1264909230 0.1127074864 0.1158511257 0.1046423505 0.0966053777 0.0959850625 0.0873147584 0.0877634091
0.3788342118 0.3802939784 0.3670602600 0.3355867958 0.2910175142 0.2561446938 0.2262806619 0.2060750758 0.1955041839 0.1632295436 0.1529803272 0.1460518135 0.1383632983 0.1183225443 0.1152947943 0.1085434416 0.1037347156 0.0964089526 0.0892708382 0.0853904321
0.3713010100 0.3826087786 0.3589738941 0.3387242942 0.2963430958 0.2556385817 0.2380100084 0.2116222899 0.1918463245 0.1821624374 0.1566624798 0.1450477354 0.1332264131 0.1232473519 0.1194472596 0.1108394727 0.1045886718 0.1038402168 0.0919480830 0.0945143427
0.3574773280 0.3716294357 0.3594802359 0.3227410640 0.2966044396 0.2711700246 0.2350955997 0.2157759540 0.1937150685 0.1710379698 0.1619395245 0.1498564996 0.1356212128 0.1254811767 0.1193134166 0.1112803637 0.1112890653 0.1032289772 0.0972839571 0.0897603185
0.3582295912 0.3736059288 0.3573378591 0.3347478006 0.3024007936 0.2677607784 0.2434124907 0.2177699417 0.2002717956 0.1809437125 0.1649981315 0.1528498153 0.1360745791 0.1374089515 0.1295074697 0.1143048745 0.1101418989 0.1086313620 0.0990446161 0.0971578323
0.3615841672 0.3716305928 0.3563456484 0.3365362898 0.3016530981 0.2772337782 0.2368578455 0.2202908291 0.1990761378 0.1774545325 0.1598469557 0.1511115829 0.1362902264 0.1263756112 0.1235779455 0.1181176215 0.1107404203 0.1070438787 0.0954719188 0.0984867594
0.3727250998 0.3727779366 0.3646092444 0.3336052298 0.3058947996 0.2747337453 0.2395525148 0.2290548174 0.2002861456 0.1822367688 0.1654682589 0.1548850324 0.1538938572 0.1338316013 0.1280225501 0.1142000669 0.1140771364 0.1129251876 0.1020197010 0.0961062224
0.3685000814 0.3814845967 0.3682656046 0.3292445434 0.2992301957 0.2681555912 0.2384323906 0.2281144830 0.1959808428 0.1892896986 0.1686666466 0.1535365176 0.1564323320 0.1408784076 0.1295997915 0.1216989652 0.1164586374 0.1123985182 0.1067541660 0.1065448502
0.3629324455 0.3759959973 0.3603466217 0.3317900079 0.3041492785 0.2810456883 0.2514357077 0.2231593850 0.2057003826 0.1830246298 0.1758006739 0.1558844299 0.1517753432 0.1387693680 0.1332442994 0.1260293065 0.1155095213 0.1151165259 0.0993186593 0.1062456530
0.3687031869 0.3771725036 0.3621095230 0.3439339471 0.3044905772 0.2796698530 0.2456100759 0.2207581312 0.2011282912 0.1951271124 0.1648764223 0.1637166285 0.1459347830 0.1452520032 0.1292925570 0.1261720017 0.1213544416 0.1078742501 0.1033806998 0.1039257326
0.3727362472 0.3741667777 0.3540205832 0.3336827376 0.3088788604 0.2728145885 0.2480611145 0.2188136993 0.1987186112 0.1933799566 0.1666366672 0.1564142861 0.1477800042 0.1365447432 0.1312398016 0.1262425702 0.1179183760 0.1147938086 0.1105700383 0.0993393647
0.3796977219 0.3833268025 0.3642546103 0.3353853157 0.3073910213 0.2829048520 0.2441400464 0.2286521235 0.2113146200 0.1910805526 0.1710556200 0.1623914114 0.1471680147 0.1408613139 0.1374845561 0.1242739601 0.1224646272 0.1137847415 0.1087165437 0.1060484224
0.3522546806 0.3762690228 0.3627206930 0.3376514466 0.3021603223 0.2726576934 0.2532490442 0.2278669949 0.2070735538 0.1890460661 0.1726371916 0.1671991741 0.1511570833 0.1482338885 0.1362959160 0.1310028977 0.1233638632 0.1125845185 0.1092026726 0.0988249543
0.3676333908 0.3759929487 0.3634118799 0.3353789312 0.3067569305 0.2711045309 0.2401822420 0.2280454447 0.2107047680 0.1858478816 0.1812706082 0.1696129497 0.1476527479 0.1448357689 0.1269114715 0.1297537445 0.1158388953 0.1185845574 0.1139741224 0.1089892270
0.3726544780 0.3786761116 0.3584531195 0.3263277915 0.3010380733 0.2788949220 0.2496395949 0.2272585133 0.2092207101 0.1998982901 0.1788528173 0.1657052015 0.1526882580 0.1542783356 0.1303575500 0.1286958497 0.1164082708 0.1193978978 0.1096297924 0.1062846913
0.3641157920 0.3650524586 0.3599415863 0.3369882407 0.3023508631 0.2731999675 0.2482730870 0.2232005138 0.2121899033 0.1850159334 0.1809317553 0.1568483486 0.1542730876 0.1475157819 0.1324262812 0.1274809882 0.1260390414 0.1150053674 0.1122726223 0.1121104897
0.3557073938 0.3728726291 0.3607057958 0.3398054590 0.3075205723 0.2780242790 0.2404823855 0.2207739950 0.2048667571 0.1975315567 0.1809214395 0.1688733975 0.1540915543 0.1424323955 0.1335752971 0.1368997187 0.1182598627 0.1212367666 0.1106668769 0.1083092737
0.3632815850 0.3680243708 0.3541450409 0.3293074969 0.3108285984 0.2763943861 0.2575102895 0.2391288352 0.2080469958 0.1818302505 0.1721208395 0.1572966763 0.1566716984 0.1503069837 0.1367021663 0.1361638717 0.1227723264 0.1128342594 0.1101923833 0.1105404614
0.3644076838 0.3815769909 0.3568176565 0.3437557672 0.3012818474 0.2869980643 0.2566973279 0.2179444020 0.2054130870 0.1921965078 0.1722236618 0.1678079207 0.1490716787 0.1459722463 0.1351185231 0.1293436623 0.1281736807 0.1229233394 0.1135751304 0.1067895332
