0.7140000000 0.5846500000 0.4662333333 0.3850500000 0.3393200000 0.2835000000 0.2473857143 0.1975750000 0.1969222222 0.1698100000 0.1518363636 0.1410416667 0.1285769231 0.1140000000 0.1153266667 0.1069000000 0.0942823529 0.0988444444 0.0913210526 0.0830750000
0.7191000000 0.5872000000 0.4809000000 0.3928250000 0.3243800000 0.2824166667 0.2418000000 0.2238625000 0.1928222222 0.1795300000 0.1592181818 0.1477000000 0.1344000000 0.1223500000 0.1275000000 0.1116062500 0.1019588235 0.1014111111 0.0962105263 0.0950950000
0.7092000000 0.5907000000 0.4927666667 0.4224500000 0.3400800000 0.3070833333 0.2486000000 0.2262250000 0.2157555556 0.1763100000 0.1723272727 0.1603000000 0.1457615385 0.1325714286 0.1218133333 0.1165312500 0.1156588235 0.1027055556 0.0966842105 0.0917100000
0.7334000000 0.6101500000 0.4812333333 0.4139500000 0.3523600000 0.2844000000 0.2630857143 0.2309875000 0.2088777778 0.2009200000 0.1676000000 0.1577666667 0.1430461538 0.1365214286 0.1258800000 0.1265187500 0.1130529412 0.1101555556 0.0977157895 0.0991550000
0.7386000000 0.6137500000 0.5080666667 0.4155750000 0.3549200000 0.3064666667 0.2681000000 0.2507625000 0.2153888889 0.1962700000 0.1839818182 0.1697916667 0.1548307692 0.1376000000 0.1319200000 0.1274687500 0.1222941176 0.1155777778 0.1064105263 0.1017350000
0.7466000000 0.5981000000 0.5039000000 0.4371000000 0.3656000000 0.3064333333 0.2811571429 0.2500500000 0.2219111111 0.2002700000 0.1838090909 0.1683916667 0.1541615385 0.1484500000 0.1370800000 0.1264187500 0.1259705882 0.1154500000 0.1096789474 0.1081750000
0.7383000000 0.6295500000 0.5083666667 0.4277750000 0.3707800000 0.3255666667 0.2687571429 0.2497250000 0.2191111111 0.1983300000 0.1859272727 0.1728083333 0.1537846154 0.1442571429 0.1338933333 0.1348000000 0.1250470588 0.1199444444 0.1109842105 0.1091150000
0.7440000000 0.6119000000 0.5072333333 0.4314750000 0.3615400000 0.3137833333 0.2749714286 0.2591250000 0.2209444444 0.2069900000 0.1843909091 0.1699583333 0.1626769231 0.1489071429 0.1406000000 0.1326562500 0.1228294118 0.1238611111 0.1118421053 0.1096550000
0.7387000000 0.6200500000 0.5140000000 0.4239250000 0.3643000000 0.3129666667 0.2668000000 0.2556625000 0.2265000000 0.2049000000 0.1941090909 0.1665666667 0.1656076923 0.1519714286 0.1413600000 0.1350500000 0.1273117647 0.1239611111 0.1162000000 0.1160700000
0.7502000000 0.6149000000 0.5303000000 0.4381250000 0.3714200000 0.3144333333 0.2900571429 0.2529125000 0.2314888889 0.2020700000 0.1947000000 0.1801750000 0.1699076923 0.1593214286 0.1436333333 0.1365875000 0.1296882353 0.1275166667 0.1173105263 0.1167850000
0.7286000000 0.6115500000 0.4989333333 0.4462000000 0.3737800000 0.3321333333 0.2768285714 0.2579000000 0.2233888889 0.2191000000 0.1880090909 0.1775666667 0.1616846154 0.1484785714 0.1472733333 0.1418437500 0.1324941176 0.1252444444 0.1222842105 0.1116100000
0.7387000000 0.6191500000 0.5174000000 0.4330750000 0.3813600000 0.3110166667 0.2970428571 0.2525500000 0.2264444444 0.2261800000 0.2034000000 0.1772333333 0.1675615385 0.1545928571 0.1531733333 0.1456562500 0.1326705882 0.1284388889 0.1220789474 0.1128750000
0.7158000000 0.5917500000 0.5063000000 0.4362000000 0.3766000000 0.3371500000 0.2839285714 0.2620125000 0.2376888889 0.2133200000 0.1887636364 0.1895416667 0.1625000000 0.1577642857 0.1538466667 0.1335562500 0.1340352941 0.1250888889 0.1241473684 0.1163900000
0.7608000000 0.6203500000 0.5059000000 0.4324750000 0.3841400000 0.3332666667 0.2922000000 0.2669625000 0.2494555556 0.2179300000 0.2024636364 0.1949250000 0.1733153846 0.1667142857 0.1568800000 0.1509875000 0.1375588235 0.1312388889 0.1282526316 0.1172200000
0.7337000000 0.6280500000 0.4891666667 0.4333500000 0.3718400000 0.3180000000 0.2814000000 0.2633625000 0.2396222222 0.2090700000 0.2066909091 0.1960750000 0.1721846154 0.1604928571 0.1419466667 0.1419875000 0.1341470588 0.1356277778 0.1291421053 0.1247800000
0.7308000000 0.6090500000 0.4878333333 0.4206500000 0.3797200000 0.3329833333 0.2847714286 0.2574250000 0.2396111111 0.2164400000 0.2072909091 0.1859250000 0.1760000000 0.1705357143 0.1507733333 0.1476375000 0.1376647059 0.1313833333 0.1245842105 0.1251200000
0.7437000000 0.6395500000 0.5181000000 0.4539750000 0.3733400000 0.3363333333 0.2926000000 0.2651750000 0.2461333333 0.2186200000 0.2055727273 0.1881333333 0.1792923077 0.1631285714 0.1493400000 0.1469375000 0.1447941176 0.1361166667 0.1282736842 0.1260900000
0.7585000000 0.6225500000 0.5171333333 0.4365000000 0.3817600000 0.3333166667 0.2788142857 0.2539250000 0.2409333333 0.2172100000 0.2041454545 0.1882250000 0.1743846154 0.1661214286 0.1568666667 0.1547875000 0.1368176471 0.1378444444 0.1297210526 0.1274650000
0.7407000000 0.6292500000 0.5210333333 0.4311500000 0.3873200000 0.3325666667 0.3057571429 0.2627375000 0.2401666667 0.2146000000 0.1975363636 0.1871583333 0.1795230769 0.1694071429 0.1539533333 0.1523187500 0.1400294118 0.1326277778 0.1275473684 0.1225800000
0.7448000000 0.6230000000 0.5120666667 0.4383500000 0.3852200000 0.3376666667 0.2990142857 0.2526375000 0.2390666667 0.2196800000 0.2063181818 0.1877916667 0.1715769231 0.1715357143 0.1602266667 0.1583375000 0.1490411765 0.1376944444 0.1348947368 0.1238400000
